1000 500
522 4575 6426 9445 8772 81 3447 629 3497 7202 7775 4325 3982 4784 8417 2156 1932 5902 5728 8537 3857 739 6918 9211 9679 8506 3340 6568 1868 16 7940 6263 4593 1449 6991 310 3355 7068 1431 8580 1757 9218 4934 4328 3676 9355 6221 9080 5922 1545 8511 4067 5467 8674 4691 6504 9835 2034 4965 9980 1221 5895 2501 8152 8325 7731 9302 8153 9896 9022 7489 8399 607 6466 4432 1502 3968 8333 7475 3792 84 7010 9694 7328 7354 4712 8409 6480 2643 8121 1951 3492 4420 8197 8607 7925 2167 717 3438 9200 6986 6104 6483 3620 9806 881 6858 5559 6553 8502 3554 2962 2325 7435 9279 464 7327 2549 9832 6595 8200 8720 7658 639 9992 9130 6467 8989 7958 2581 6600 7466 1473 1929 9775 2581 9770 9455 3718 4628 6807 9335 1898 1552 6530 5811 9569 4148 3384 6954 8913 114 6315 3686 9334 382 1392 8326 1008 3553 962 4957 4850 8231 2061 1185 1588 4305 2980 7564 1890 52 8747 943 1740 7593 7469 7370 2516 443 6007 9525 3299 412 7163 6699 3571 8976 7455 2217 3590 9343 4427 3220 1342 4584 4239 4496 5875 2601 1258 1449 3377 40 7428 8238 2455 3517 1653 4433 1768 1957 7307 6456 6878 2977 5368 1999 4882 3541 1826 3764 3269 1401 2098 8698 6763 1515 5413 1495 6523 4571 206 8357 5904 3310 1410 5844 7611 7484 410 3559 9262 1394 8949 1107 8546 2737 7987 4979 2306 4685 9291 5542 6542 9134 1094 2751 2089 898 5729 212 9964 8297 1823 720 5297 2280 4917 4338 7176 8183 7965 5740 3541 9555 3 3316 8256 6013 7611 3974 4931 2024 9609 6176 304 1151 4199 9876 8825 8893 3939 3737 4374 8323 6846 5819 1154 5157 814 6343 1886 1197 3100 1856 1709 3879 5479 2461 3014 9123 9744 5400 7094 9447 9020 9152 3963 9674 7829 8984 9930 5322 6665 2646 9385 9191 1353 7605 7110 4453 3356 243 7694 1854 2297 3075 9831 974 8720 1837 695 9845 7154 1673 5306 7865 5524 952 1231 5329 2353 6331 5692 8027 3413 3081 8438 5063 9858 7358 266 7801 6095 8374 4807 5051 4868 9478 9809 1304 7007 2308 2992 4499 9650 1706 8399 7822 3698 1015 6381 7267 2282 237 7119 6111 9926 3444 9788 9826 9944 3702 1888 6944 5655 3521 4489 6946 1131 6616 2445 1654 4434 3522 4850 2683 2542 5226 741 2486 6101 9661 8532 6961 3568 1903 276 4758 9772 5766 3259 3224 5836 3741 2054 9018 6325 5395 6949 5925 5056 7850 6378 2711 9083 8184 9790 2559 5945 8345 268 2322 7501 555 8772 1785 6675 1312 8665 2321 4920 3696 2516 4857 7149 948 3807 4535 1591 6284 3082 1268 898 3674 841 939 9593 3717 6003 6334 2768 6471 965 1121 1083 9103 2366 1149 5732 5776 7488 2238 3064 2736 6773 8070 2122 1274 6632 1560 7455 4748 1880 6061 5889 6954 5320 2034 6733 6345 1090 9640 8212 3717 3135 8211 7037 1483 2144 8668 1778 256 4345 4127 6398 8808 9328 5758 4566 4591 6371 6076 5805 4964 9279 8370 3309 441 8329 8125 3429 661 5241 1166 4870 9394 4314 9513 901 2687 6748 6614 9965 4222 1122 5748 2234 8311 2997 2193 9838 3172 7006 803 3711 2547 9136 5442 8343 3431 7420 2923 5843 3239 6314 7903 8901 2622 8535 5777 8275 3321 2177 1404 6261 2972 4093 8747 1562 8237 1698 4271 4836 504 9420 5101 4743 5433 3897 1277 8110 8645 9487 3324 246 3889 5524 5243 4258 7961 8389 3581 789 4619 4688 6477 3899 4025 9913 6134 1920 3179 1065 8697 4727 1051 7706 763 2500 2471 1068 5652 3266 8850 52 8000 6319 5411 4456 6626 3115 7764 1380 5517 3757 9764 679 3801 8526 9990 2967 3604 475 2416 249 1406 2199 6557 8954 7355 1991 6539 6505 3637 5268 8254 1066 9736 428 4107 6932 5332 6786 2766 2868 8159 5418 9652 9768 1968 9710 9905 6965 1269 475 8460 6802 2638 4516 9806 3002 2159 6222 4423 9326 5906 6419 8505 4721 7875 3615 9755 5674 9458 8246 1111 6149 4997 7788 76 1378 2483 3211 7964 2485 9930 8577 5583 6228 7657 5135 6671 2685 8151 5195 1338 7581 9546 9903 8836 7801 8433 2359 1986 7193 7147 8119 2927 1528 5310 9747 9323 8294 6305 7798 9399 3654 1649 5020 714 8688 1088 7735 607 4464 6417 685 6565 5781 5166 4216 5885 8131 258 2437 6528 2337 1376 6454 7143 9580 6618 256 2049 322 2378 8413 3056 1016 6636 7788 7836 2149 114 8828 6254 6741 4767 164 7638 4966 2669 8270 8646 4542 9399 9368 9925 1235 7151 274 4350 9361 8473 1106 4782 4952 8142 6035 7337 2460 8059 4049 8709 6995 4847 4974 2381 3226 2224 3809 4943 3025 1527 8610 8495 2298 4655 5567 5698 5790 8778 9995 9908 9016 2300 2633 3650 2312 5582 8853 6097 8881 8620 6427 3925 9355 5240 5070 7050 4178 8133 6739 319 4533 5388 9299 5558 7720 122 861 7766 5922 1456 7601 8377 144 8882 8966 8046 7104 8009 6149 8696 2327 7585 8555 6413 4859 5963 8139 3591 4970 8860 7834 5911 6274 4876 145 3677 2214 5545 1743 609 8879 7937 3940 4782 4553 1531 9495 6817 6994 3471 8865 2590 3886 1593 7504 2172 1493 8954 9221 8132 3060 5623 982 4181 9064 3736 4365 2371 7894 4458 3175 1956 2310 4254 1429 6274 995 7816 126 3883 4364 6352 2715 9140 9335 180 2362 7874 4345 8612 8045 8607 6654 7221 6520 5211 4807 6703 6613 2552 6263 4351 8291 7725 8774 9542 4643 6181 3342 1719 9130 9629 3953 157 6803 3001 3040 8643 1338 6671 4773 906 3889 2778 7931 6678 5919 8952 8656 49 3547 1261 7434 951 7318 8430 7391 3993 7823 4503 1963 2346 4972 2406 3854 661 3031 989 5851 8228 5263 1412 7499 9178 
2436 19
571 72
5549 95
3967 54
289 15
6019 25
2583 41
119 69
281 15
7200 93
518 35
6616 81
9920 65
3545 4
783 81
214 90
2285 82
307 43
9976 64
3047 33
3812 95
8593 78
8422 14
9536 97
9466 65
26 36
7181 59
4182 81
4179 44
6994 89
1794 32
6333 22
4246 19
2062 46
7147 19
9291 70
5862 97
6643 17
2925 11
9973 74
9498 64
2407 73
6908 40
9296 2
4581 89
717 80
9613 88
8544 31
7325 64
1660 52
9590 50
2235 84
4664 56
8520 52
9019 43
373 12
2793 48
7878 43
7953 22
3700 60
54 26
6220 84
2830 14
2349 82
7396 47
766 34
9111 15
8645 43
6377 56
3713 53
592 43
5537 67
6264 74
1562 62
3774 18
8293 68
3607 57
2334 45
8375 73
9222 10
8635 23
5762 37
5088 30
7179 23
5721 74
4780 87
7356 73
8727 20
405 69
7472 86
4179 79
1120 49
3670 41
3699 100
7639 57
5723 51
7408 33
2539 38
4031 65
6124 85
1816 60
7915 94
3840 72
3257 45
4419 21
4154 79
5518 77
9863 99
9717 35
6364 48
9039 7
5706 26
4597 96
4614 100
5239 62
5688 55
5894 36
749 38
4299 28
2070 49
4959 18
3127 22
1905 77
152 86
6659 85
2263 77
3261 14
8837 86
3737 80
4 52
3413 56
1344 47
3972 42
3107 28
7885 89
6286 97
5403 4
8935 98
8699 97
2053 35
4305 25
1526 7
4803 86
5035 51
3548 85
518 100
6651 48
7410 17
977 24
1787 51
2535 20
7266 66
5861 76
5082 99
428 35
4110 81
4126 58
7689 95
3104 23
7772 49
5871 55
2331 86
8344 28
3296 31
1054 96
9895 19
6007 24
5376 57
3312 49
769 50
7445 98
449 20
9737 61
4798 44
2532 2
6296 36
8528 79
7236 13
380 38
8505 59
1897 85
4918 36
5663 61
5627 89
7113 100
9867 38
404 23
8944 64
8037 24
8647 10
4256 89
8864 21
5905 92
7759 66
887 45
702 96
8372 47
5449 47
9023 43
6656 59
2306 71
4888 31
1579 1
1498 26
4911 13
9747 77
1971 2
3811 15
9986 18
5214 99
8058 17
4030 2
4334 58
9038 15
2661 59
3024 73
7337 12
2121 81
8730 23
5104 53
1161 59
2194 78
8573 97
3793 14
8961 13
6112 94
7172 71
1289 82
9031 63
8855 12
1091 64
2396 97
6913 82
4284 100
7439 84
6656 57
2850 95
2805 23
9390 32
8826 51
4576 50
4485 74
7157 46
4223 75
1696 93
8099 83
8968 38
8723 78
5319 41
7651 49
9500 61
6652 78
1930 31
8299 94
1751 17
9791 56
9694 36
4558 64
5533 78
96 77
7864 60
6323 58
1780 93
8517 89
956 54
2877 23
2080 44
1907 73
6097 97
548 31
8423 23
1375 87
4507 19
6794 22
189 47
5405 96
1487 53
4853 71
7591 46
8051 16
5553 100
8523 90
3339 8
3110 85
152 48
9664 8
5902 26
9594 15
264 75
2537 70
9364 74
5653 4
4005 55
331 29
4434 4
5484 61
4581 7
7644 63
4638 69
2995 66
398 64
8783 51
8988 19
5872 29
2547 61
3499 35
7970 30
4520 34
8427 10
1316 89
3172 43
2064 83
4633 31
8128 84
536 7
476 73
2947 2
3154 43
8754 100
3138 36
2654 60
2273 42
3863 91
3431 21
495 94
8081 62
5117 43
3647 34
9435 56
7735 67
9449 63
6576 100
3879 25
9032 28
5151 71
8639 80
8920 60
938 69
1252 85
6496 42
8787 91
1040 28
1582 53
2762 83
2045 83
8833 32
8465 40
6864 65
987 61
2849 43
435 56
9271 89
8418 50
5446 10
9592 17
7685 59
1207 62
2515 15
2629 64
6975 65
7150 31
7135 9
6880 30
8954 7
9118 98
318 75
9310 53
1899 99
1067 88
4549 4
4515 21
5430 50
8521 34
8617 51
5892 52
3040 28
5743 37
7472 88
6359 82
2160 47
2016 77
4174 92
4145 88
1081 63
6387 12
9383 60
5029 79
4897 98
7307 71
8627 21
5531 29
6397 56
606 11
7172 80
901 46
2097 11
562 97
9553 42
5194 64
5763 84
4042 81
8013 40
175 23
3976 95
8124 46
63 32
7464 64
8516 38
2957 11
1099 57
3275 8
9325 41
2226 26
2631 90
6843 97
4248 74
1328 88
4950 2
9296 75
4282 10
3660 1
3535 96
4333 8
3223 41
7851 20
8758 24
5047 92
7381 96
9682 28
5792 71
6932 56
1529 18
4598 7
5491 69
8328 13
8023 1
6716 86
6386 41
553 65
181 61
9545 74
1124 3
9723 60
2856 77
9633 76
5917 93
7251 67
7652 74
4379 40
434 10
5959 84
9344 47
8683 5
3721 48
6236 95
206 22
757 14
2053 96
7430 14
4710 82
1488 41
2477 20
9450 32
8939 12
1055 99
2117 47
1886 53
2595 33
4345 72
8690 56
166 43
5571 73
2289 39
6362 75
6488 89
8591 29
4238 31
2496 12
6120 79
4525 72
8851 2
4187 2
2220 50
8898 28
5302 89
2815 57
1352 16
3635 41
6124 25
1841 18
4130 17
4084 74
58 82
6567 22
2030 50
7483 4
9126 39
420 50
7009 13
428 45
